100
2 3 2
1 1 1
2 1 2
3 2 3
25 3 25
2 26 2
42 5 42
10 1 10
65 9 65
30 4 30
25 1 25
41 1 41
76 6 76
1 80 1
1 2 1
1 3 1
53 1 53
65 1 65
3 3 3
3 4 3
100 4 100
57 5 57
65 2 65
4 1 4
14 5 14
70 4 70
43 2 43
78 9 78
34 2 34
20 1 20
4 2 4
8 8 8
27 7 27
99 3 99
3 1 3
2 59 2
80 8 80
40 2 40
3 19 3
25 5 25
12 7 12
17 1 17
51 1 51
100 2 100
73 8 73
10 18 10
2 32 2
6 15 6
19 11 19
5 19 5
95 9 95
5 7 5
84 9 84
3 6 3
61 2 61
2 22 2
12 15 12
92 7 92
1 4 1
13 3 13
14 7 14
65 3 65
67 4 67
1 16 1
48 5 48
100 9 100
90 1 90
46 9 46
40 6 40
4 29 4
32 7 32
3 37 3
4 4 4
1 100 1
1 87 1
72 7 72
1 75 1
40 10 40
45 6 45
7 15 7
2 34 2
4 3 4
78 3 78
2 2 2
41 2 41
2 49 2
91 3 91
100 1 100
2 25 2
2 42 2
2 4 2
11 13 11
41 8 41
10 5 10
92 9 92
18 14 18
73 2 73
33 1 33
100 3 100
86 5 86
