100
2 3 2
1 1 1
2 1 2
3 2 3
60 1 60
39 1 39
1 45 1
1 6 1
11 6 11
100 1 100
11 7 11
40 5 40
3 37 3
74 9 74
98 9 98
71 1 71
28 10 28
100 3 100
13 11 13
14 7 14
1 92 1
60 7 60
4 1 4
65 5 65
4 2 4
13 9 13
9 18 9
70 4 70
1 76 1
69 1 69
33 6 33
1 40 1
1 4 1
43 4 43
60 8 60
49 3 49
92 4 92
2 21 2
2 50 2
95 8 95
40 6 40
3 19 3
37 2 37
7 1 7
52 6 52
1 52 1
7 15 7
97 6 97
3 1 3
6 1 6
4 9 4
14 5 14
91 6 91
100 4 100
100 6 100
51 8 51
4 29 4
4 4 4
12 11 12
70 1 70
70 9 70
48 1 48
15 15 15
69 4 69
62 9 62
93 5 93
10 5 10
3 3 3
95 3 95
3 4 3
36 9 36
10 18 10
1 59 1
100 2 100
2 4 2
2 2 2
19 4 19
16 12 16
63 9 63
22 13 22
8 4 8
1 54 1
1 100 1
1 61 1
9 11 9
55 5 55
7 21 7
82 9 82
100 9 100
1 98 1
4 3 4
1 3 1
1 21 1
24 10 24
1 2 1
3 11 3
2 59 2
29 7 29
80 8 80
94 5 94
